1 24438.0
1 99.18208
1 0.9084738
2 63591.0
2 69.205315
2 0.873874
3 112889.0
3 53.137695
3 0.8417857
4 170748.0
4 42.587322
4 0.8100529
5 229310.0
5 36.3674
5 0.7845554
6 284308.0
6 32.680096
6 0.7659549
7 336302.0
7 30.169453
7 0.75133866
8 386109.0
8 28.459509
8 0.7402991
9 433395.0
9 27.12197
9 0.73095554
10 478881.0
10 26.153912
10 0.7237532
11 519350.0
11 25.411919
11 0.7179693
12 565987.0
12 24.700985
12 0.71219796
13 606668.0
13 24.239006
13 0.7083189
14 644037.0
14 23.879292
14 0.7052311
15 681124.0
15 23.570702
15 0.7025297
16 714928.0
16 23.336203
16 0.7004463
17 747252.0
17 23.157364
17 0.6988335
18 776920.0
18 23.031153
18 0.69769037
19 804745.0
19 22.937405
19 0.69683325
