1 46100.0
1 16.816973
1 0.6277991
2 85794.0
2 18.099602
2 0.6447937
3 126247.0
3 18.832193
3 0.6538283
4 166851.0
4 19.043694
4 0.6563135
5 206403.0
5 19.256594
5 0.65880096
6 245994.0
6 19.352755
6 0.6599332
7 285724.0
7 19.354736
7 0.6599476
8 325829.0
8 19.25501
8 0.65879047
9 365925.0
9 19.092766
9 0.65687215
10 406539.0
10 18.878956
10 0.654327
11 447701.0
11 18.611488
11 0.6510849
12 489861.0
12 18.219254
12 0.646229
13 532662.0
13 17.861694
13 0.6416776
14 573756.0
14 17.598885
14 0.6382643
15 615363.0
15 17.325247
15 0.6346324
16 656419.0
16 17.091217
16 0.63146853
17 695845.0
17 16.957176
17 0.6296337
18 735345.0
18 16.812159
18 0.6276238
19 775569.0
19 16.6334
19 0.62511176
