1 22643.0
1 7.397518
1 0.8809172
2 64155.0
2 7.641845
2 0.8379245
3 113512.0
3 7.996576
3 0.80833024
4 167834.0
4 8.266581
4 0.7834509
5 225837.0
5 8.580014
5 0.75847906
6 273221.0
6 8.906486
6 0.7405874
7 326795.0
7 9.227994
7 0.72057897
8 375565.0
8 9.585709
8 0.7051714
9 422934.0
9 9.978872
9 0.6921719
10 459603.0
10 10.414898
10 0.6851582
11 502817.0
11 10.967033
11 0.67784065
12 534536.0
12 11.443168
12 0.67388296
13 565909.0
13 11.898942
13 0.66944516
14 596595.0
14 12.390708
14 0.66578925
